0 0.262082 0.484111 0.031961 0.036806
0 0.409402 0.675194 0.059086 0.113833
0 0.340656 0.542938 0.051359 0.061986
0 0.850840 0.694007 0.089523 0.083181
0 0.372547 0.409861 0.027266 0.025000
0 0.267227 0.587076 0.047422 0.076542
0 0.700340 0.598917 0.066695 0.071306
0 0.715336 0.513646 0.055375 0.059792
0 0.456187 0.604014 0.051344 0.077194
0 0.774734 0.870417 0.118641 0.148306
0 0.576258 0.483083 0.050875 0.052889
0 0.877773 0.645674 0.082687 0.071264
0 0.284160 0.689583 0.061914 0.116944
0 0.246953 0.909104 0.093750 0.149875
0 0.362187 0.436736 0.030625 0.028194
0 0.313320 0.424104 0.023516 0.023486
0 0.676172 0.961528 0.116422 0.076944
0 0.420656 0.544042 0.051312 0.064750
0 0.491750 0.557701 0.043438 0.047764
0 0.236637 0.520104 0.034930 0.050764
0 0.227520 0.453347 0.033805 0.035833
0 0.444164 0.463611 0.036250 0.036389
0 0.210992 0.405153 0.017109 0.019167
0 0.521508 0.653722 0.071312 0.110250
