0 0.765852 0.602361 0.068687 0.075500
0 0.825617 0.553174 0.072453 0.071042
0 0.559059 0.775174 0.082117 0.124764
0 0.835090 0.689382 0.090305 0.084542
0 0.485961 0.466681 0.033984 0.043111
0 0.555629 0.460847 0.035242 0.038972
0 0.282715 0.652715 0.056102 0.099875
0 0.502848 0.649896 0.069930 0.107847
0 0.245195 0.468882 0.037844 0.045958
0 0.352063 0.438153 0.024984 0.019639
0 0.396699 0.429840 0.020930 0.020986
0 0.474445 0.467375 0.056922 0.043306
0 0.972070 0.721396 0.055859 0.085014
0 0.312977 0.479479 0.037031 0.027236
0 0.323477 0.530486 0.045391 0.071250
0 0.302359 0.407264 0.030641 0.023611
0 0.272098 0.409264 0.025102 0.022861
0 0.235641 0.937708 0.087937 0.124583
0 0.631445 0.482625 0.047422 0.029250
0 0.622414 0.458090 0.044344 0.034208
0 0.614957 0.505472 0.048164 0.049778
0 0.428484 0.947187 0.114281 0.101181
0 0.322871 0.421354 0.027586 0.026681
0 0.203852 0.393514 0.031781 0.025639
0 0.382609 0.485167 0.038859 0.042167
0 0.262258 0.544660 0.040313 0.056236
