0 0.298367 0.403903 0.026094 0.014972
0 0.323570 0.446500 0.038437 0.042917
0 0.464547 0.451840 0.033266 0.033264
0 0.623305 0.679708 0.078016 0.101861
0 0.438078 0.582187 0.048578 0.062819
0 0.990824 0.642319 0.018023 0.057972
0 0.267906 0.430118 0.032109 0.035708
0 0.224125 0.410125 0.023906 0.022500
0 0.379004 0.514924 0.043117 0.057347
0 0.174691 0.376826 0.062164 0.066958
0 0.384230 0.485097 0.034992 0.037111
0 0.460684 0.523590 0.049492 0.061736
0 0.543375 0.583715 0.054453 0.074653
0 0.328398 0.540278 0.039766 0.065833
0 0.231094 0.469028 0.031094 0.031944
0 0.262273 0.900243 0.121719 0.188264
0 0.778332 0.641806 0.087617 0.104167
0 0.841125 0.615208 0.069937 0.066806
0 0.475387 0.632667 0.058133 0.081889
0 0.516070 0.434174 0.043281 0.032514
0 0.292566 0.503799 0.040148 0.049764
0 0.552844 0.472118 0.052297 0.055625
0 0.616543 0.497646 0.051570 0.059653
0 0.285625 0.625569 0.053938 0.103528
0 0.736105 0.518403 0.052773 0.050639
0 0.700043 0.537701 0.057023 0.058625
0 0.273797 0.464264 0.034453 0.031389
0 0.237008 0.442201 0.032656 0.025153
0 0.401941 0.448618 0.028930 0.031653
0 0.369180 0.441306 0.023125 0.028611
0 0.339539 0.421562 0.028141 0.023986
