0 0.589648 0.532625 0.047109 0.043306
0 0.445000 0.573403 0.049219 0.065833
0 0.676719 0.964611 0.105625 0.070778
0 0.287039 0.632958 0.045359 0.074167
0 0.274867 0.591653 0.039375 0.059444
0 0.329500 0.547306 0.041719 0.057111
0 0.340789 0.493861 0.039062 0.047639
0 0.498437 0.484389 0.043594 0.040694
0 0.443867 0.466250 0.037109 0.026667
0 0.390906 0.443167 0.031172 0.029861
0 0.471719 0.426208 0.041719 0.041667
0 0.237016 0.521486 0.034375 0.046389
0 0.682719 0.721694 0.086203 0.128083
0 0.811191 0.676153 0.085023 0.082917
0 0.936516 0.692208 0.085641 0.076556
0 0.840418 0.959729 0.047195 0.068264
0 0.663152 0.476292 0.043758 0.030861
0 0.929129 0.608486 0.083602 0.075306
0 0.397578 0.657521 0.069687 0.137236
0 0.610254 0.474090 0.050336 0.051625
0 0.979398 0.580125 0.041125 0.071694
0 0.522504 0.693181 0.066523 0.116250
0 0.212461 0.439708 0.030547 0.032222
0 0.261875 0.452000 0.035625 0.033750
0 0.239102 0.468458 0.032109 0.035833
0 0.201449 0.479410 0.030195 0.046931
0 0.285781 0.785000 0.075937 0.149444
0 0.544516 0.585674 0.065281 0.095236
0 0.675715 0.580833 0.059820 0.063611
