0 0.424316 0.566549 0.052336 0.080403
0 0.331367 0.539153 0.039297 0.058028
0 0.708195 0.549028 0.057672 0.056389
0 0.820953 0.559021 0.066688 0.055764
0 0.506090 0.426042 0.099211 0.082167
0 0.343469 0.433958 0.023203 0.022917
0 0.385531 0.431396 0.027297 0.024431
0 0.258871 0.546056 0.041852 0.098833
0 0.682031 0.497563 0.052500 0.052875
0 0.778430 0.655236 0.084578 0.071583
0 0.301055 0.650069 0.051656 0.093056
0 0.273313 0.494167 0.030234 0.040694
0 0.319879 0.481250 0.034445 0.030694
0 0.370703 0.511681 0.038125 0.045556
0 0.624930 0.871903 0.110172 0.164250
0 0.650875 0.441951 0.122312 0.086403
0 0.565312 0.478194 0.050000 0.046111
0 0.801695 0.506889 0.061047 0.047667
0 0.571602 0.522715 0.045391 0.042931
