0 0.189727 0.396764 0.020313 0.020000
0 0.231926 0.399167 0.023477 0.026222
0 0.332840 0.431306 0.031586 0.020861
0 0.343934 0.495257 0.038383 0.038847
0 0.341613 0.411403 0.024117 0.017278
0 0.830715 0.612056 0.071617 0.062139
0 0.507133 0.464465 0.040359 0.037986
0 0.423809 0.421687 0.037070 0.034153
0 0.668086 0.521965 0.043828 0.044931
0 0.382117 0.624201 0.050766 0.077236
0 0.239656 0.521167 0.040266 0.063167
0 0.639145 0.561507 0.038602 0.050625
0 0.569621 0.446181 0.035352 0.031611
0 0.561777 0.491778 0.039711 0.047000
0 0.433164 0.896722 0.100516 0.186500
0 0.598223 0.642132 0.067039 0.090292
0 0.308086 0.530889 0.041797 0.069556
0 0.874926 0.697778 0.079148 0.081972
0 0.273965 0.839493 0.085648 0.135764
0 0.853082 0.942514 0.107055 0.108250
0 0.294473 0.467674 0.037992 0.041542
0 0.252227 0.405653 0.027047 0.029417
