0 0.306867 0.472306 0.036406 0.035694
0 0.272621 0.490472 0.031805 0.041083
0 0.238586 0.532882 0.034859 0.044653
0 0.478121 0.612222 0.060867 0.082000
0 0.376953 0.613785 0.053125 0.085764
0 0.497332 0.481389 0.042758 0.038750
0 0.554414 0.468889 0.051641 0.055556
0 0.462691 0.949444 0.114289 0.095083
0 0.326355 0.416861 0.034852 0.035861
0 0.762918 0.409319 0.037430 0.050444
0 0.965617 0.707667 0.064375 0.065278
0 0.814422 0.519597 0.059906 0.057917
0 0.772852 0.652861 0.078312 0.090583
0 0.635223 0.557438 0.058961 0.051931
0 0.768801 0.568944 0.067367 0.067306
0 0.608117 0.889674 0.110719 0.182292
0 0.275813 0.707993 0.062688 0.101264
0 0.271941 0.832722 0.080508 0.161889
0 0.686523 0.742688 0.090188 0.116347
