0 0.748547 0.577972 0.070609 0.064361
0 0.544289 0.733528 0.073797 0.110306
0 0.897281 0.460250 0.070922 0.064389
0 0.508844 0.566375 0.054641 0.063167
0 0.328020 0.541375 0.038570 0.062972
0 0.292254 0.506646 0.039008 0.062097
0 0.251699 0.551090 0.041086 0.049458
0 0.913605 0.577306 0.082945 0.086500
0 0.288594 0.439285 0.035703 0.035514
0 0.331309 0.487021 0.037539 0.044042
0 0.323504 0.417361 0.038570 0.031944
0 0.733719 0.798646 0.112172 0.169069
0 0.431379 0.510465 0.045789 0.060236
0 0.391676 0.635201 0.086320 0.191819
0 0.300418 0.596229 0.041508 0.074347
0 0.293945 0.775833 0.076797 0.139722
0 0.737738 0.492535 0.051555 0.051847
0 0.371078 0.476208 0.035812 0.036361
