0 0.505625 0.444333 0.116250 0.127444
0 0.242227 0.467118 0.035234 0.048125
0 0.744371 0.560424 0.054383 0.053069
0 0.773828 0.539097 0.051719 0.040417
0 0.732109 0.620000 0.067031 0.060000
0 0.204867 0.486632 0.034953 0.056986
0 0.366789 0.510528 0.042250 0.052806
0 0.428285 0.503563 0.041414 0.045931
0 0.560852 0.510090 0.048672 0.048569
0 0.289469 0.501903 0.037484 0.041806
0 0.396125 0.691528 0.059344 0.093444
0 0.659371 0.514181 0.059820 0.047861
0 0.502387 0.554028 0.049195 0.056472
0 0.267316 0.539250 0.040164 0.069194
0 0.620637 0.550562 0.052273 0.055542
0 0.866848 0.720812 0.096039 0.097514
0 0.453984 0.959729 0.114922 0.080542
0 0.439102 0.445042 0.031172 0.027778
0 0.348008 0.433361 0.033047 0.029722
