0 0.920125 0.651618 0.100234 0.102764
0 0.443539 0.502944 0.049437 0.066778
0 0.401004 0.677424 0.060992 0.114903
0 0.657918 0.699174 0.088586 0.113542
0 0.308668 0.521285 0.039961 0.057486
0 0.628617 0.510549 0.052250 0.047597
0 0.703902 0.503556 0.056852 0.056694
0 0.766156 0.642278 0.077375 0.085111
0 0.597602 0.826569 0.094047 0.139778
0 0.495402 0.627563 0.061070 0.099875
0 0.647891 0.569542 0.054531 0.046028
0 0.544996 0.502535 0.044727 0.049236
0 0.419102 0.432986 0.038672 0.034861
0 0.369398 0.590833 0.046719 0.065833
0 0.842836 0.934028 0.086828 0.131944
0 0.530484 0.585194 0.050828 0.061500
0 0.374629 0.519979 0.041836 0.048153
0 0.666168 0.971597 0.104133 0.056806
0 0.541047 0.460035 0.044594 0.034069
0 0.331762 0.484035 0.038070 0.040903
0 0.379391 0.478653 0.037422 0.031944
0 0.256977 0.481847 0.032344 0.040278
0 0.248445 0.449486 0.029922 0.031111
0 0.466672 0.444257 0.039000 0.039347
