0 0.306184 0.413299 0.020102 0.019597
0 0.613719 0.476444 0.036594 0.034639
0 0.575605 0.480167 0.052039 0.051056
0 0.274492 0.602688 0.041953 0.072681
0 0.777438 0.560208 0.083094 0.090694
0 0.591023 0.523118 0.037328 0.045514
0 0.850078 0.562396 0.061766 0.079153
0 0.781949 0.423104 0.033352 0.041181
0 0.180391 0.392486 0.028516 0.024028
0 0.249559 0.398431 0.024586 0.020889
0 0.211879 0.401819 0.025773 0.023444
0 0.407320 0.434458 0.029219 0.024972
0 0.372863 0.442146 0.032445 0.027319
0 0.452883 0.521562 0.043750 0.049486
0 0.263789 0.480590 0.037031 0.039514
0 0.345883 0.490903 0.041875 0.049583
0 0.257219 0.552569 0.035438 0.054861
0 0.817254 0.928972 0.147258 0.142056
0 0.436914 0.938868 0.125578 0.122264
0 0.718422 0.604090 0.064609 0.080347
0 0.528711 0.726479 0.068359 0.103097
0 0.482750 0.459958 0.040453 0.051111
0 0.482926 0.471910 0.041492 0.029542
0 0.386320 0.627451 0.060344 0.092125
0 0.455523 0.587201 0.058703 0.070347
