0 0.286289 0.406215 0.022500 0.020542
0 0.722699 0.548438 0.064523 0.070153
0 0.499820 0.556868 0.065250 0.073042
0 0.491508 0.462472 0.038531 0.040222
0 0.626020 0.499549 0.052102 0.053181
0 0.447813 0.457743 0.046500 0.048264
0 0.440617 0.581764 0.052109 0.067083
0 0.594531 0.534368 0.044063 0.049292
0 0.837629 0.621257 0.088961 0.075569
0 0.532348 0.680278 0.070008 0.108333
0 0.351133 0.474722 0.042109 0.063611
0 0.289883 0.598056 0.080859 0.169167
0 0.341605 0.544028 0.042898 0.057778
0 0.249805 0.520625 0.044922 0.078194
0 0.254473 0.458958 0.029523 0.035917
0 0.243125 0.435757 0.034609 0.029292
0 0.325855 0.419118 0.027211 0.025708
0 0.833969 0.556792 0.077000 0.053972
0 0.364750 0.440993 0.035391 0.029486
